,sp1,sp2,sp3,sp4,sp5,sp6,sp7,sp8,sp9,sp10,sp11,sp12,sp13,sp14,sp15,sp16,sp17,sp18,sp19,sp20
0.0,0.0,0.2,0.0,0.04,0.0,0.0,0.1,0.3,0.01,0.0,0.0,0.0,0.0,0.0,0.0,0.0,0.007,0.0,0.0,0.0
1.2244897959183674,0.037613731695633125,0.16218668569861586,2.75481754288518e-09,0.0031377835093001154,3.131314008627356e-07,2.658992777467231e-07,0.09930854026987913,0.30074416808613086,0.009912475090526562,2.958986388571573e-08,2.1038447367959926e-08,7.838706711298595e-05,7.53247293076462e-06,2.8817783206153468e-05,0.00017602119796020078,2.472921027370832e-18,0.0069968788492656446,3.121150734355346e-06,3.99479397181733e-07,7.8147365122525e-06
2.4489795918367347,0.03832205744047491,0.16126326393919196,2.8064893624121814e-09,0.003113769677508763,3.1377178903432497e-07,2.6487998711349424e-07,0.09869007107598153,0.30143299361698067,0.0098337370750871,2.9419707404527167e-08,2.0915564951339523e-08,0.00014706801153869332,1.6018042317978482e-05,3.028580985571282e-05,0.000377715113375289,2.453995467527654e-18,0.0069940539509181126,5.946049081887552e-06,4.927904892040369e-07,1.0226345088922956e-05
3.673469387755102,0.038928909729207775,0.16044182141074165,2.8510691338704044e-09,0.0031793780738140986,3.0968170058266134e-07,2.601712055806696e-07,0.09808239416196377,0.30211155827579345,0.00975657584826471,2.884837531146356e-08,2.0501320765527264e-08,0.00021439419609755624,2.4294296133347975e-05,2.9843226329472052e-05,0.0005802216394284055,2.5057021522976526e-18,0.006991265373789796,8.734626210203391e-06,5.643296272485972e-07,1.2094306553598727e-05
4.8979591836734695,0.039519898535734656,0.15963793513109015,2.8944712968735028e-09,0.0032443587329418263,3.050681876653688e-07,2.551825044775896e-07,0.0974863864097844,0.3027769738850154,0.009681445639093686,2.8253695137655902e-08,2.0070154195566514e-08,0.0002799699650975658,3.23020874954057e-05,2.910589289244294e-05,0.0007820004195988539,2.556914110626936e-18,0.0069885309861048295,1.1469013895169876e-05,6.204541108583061e-07,1.362169810734031e-05
6.122448979591837,0.04009542833381298,0.1588512207041873,2.9367307343503064e-09,0.0033083425608743584,3.005314371228925e-07,2.502706319302828e-07,0.09690156918792514,0.30342947007440446,0.009608301149741667,2.7673661521135202e-08,1.964957396255798e-08,0.0003438430047666075,4.003867455688574e-05,2.837111144562821e-05,0.000982780934889027,2.6073404555408936e-18,0.006985850576849107,1.4149423150892858e-05,6.667799529792603e-07,1.493230026604378e-05
7.346938775510204,0.04065621224418805,0.15808083451664953,2.977902750597183e-09,0.0033712365632141326,2.9615173298328666e-07,2.455176083677919e-07,0.0963274600888452,0.3040695918448551,0.009537048660375826,2.7116816323490136e-08,1.9245824413153498e-08,0.0004060985873518795,4.7512196269896645e-05,2.7662157118156742e-05,0.0011825548268242605,2.656907897152161e-18,0.006983221901896091,1.677809810390793e-05,7.063397289423252e-07,1.608995236894722e-05
8.571428571428571,0.04120262783500782,0.1573262899604898,3.0180181673339566e-09,0.003433328284765267,2.9204650522150976e-07,2.4111709370583194e-07,0.0957635730719087,0.30469789419716287,0.009467593920367381,2.660312952462023e-08,1.8873447645668523e-08,0.0004668228027919145,5.473051929703983e-05,2.6996698710126304e-05,0.0013813178684671668,2.705843052618445e-18,0.006980642563340733,1.935743665926692e-05,7.409782007936329e-07,1.7146431895431384e-05
9.795918367346939,0.041735410415718856,0.15658671959885515,3.057132828246253e-09,0.0034945232722619537,2.8806127724044134e-07,2.3682314375658417e-07,0.09520946767940894,0.30531491230159324,0.009399845353995451,2.6105096465056176e-08,1.8512402956899622e-08,0.0005260967800341278,6.170379541737879e-05,2.6361810162993794e-05,0.0015790973928120596,2.7540714823048945e-18,0.006978110298342503,2.188970165749689e-05,7.728367857653222e-07,1.8147992833825215e-05
11.020408163265307,0.04225525343311215,0.15586137962385851,3.095298511934274e-09,0.0035548357467494987,2.842794875231004e-07,2.3275776495730344e-07,0.09466469698706159,0.30592117071047065,0.009333714569987477,2.56360686206626e-08,1.8172439688042785e-08,0.0005840007959742389,6.843987031627528e-05,2.576064486668144e-05,0.0017759024442145872,2.8016043939703546e-18,0.006975622801213125,2.437719878687499e-05,8.028803735490931e-07,1.9110886706669395e-05
12.244897959183675,0.04276266785578226,0.15514971898661023,3.1325530471427763e-09,0.0036143115167147134,2.8067642679636164e-07,2.2889184980427125e-07,0.09412891371279955,0.3065170811058297,0.009269132623459847,2.5192375206595805e-08,1.7850882250911022e-08,0.0006405960802872804,7.494622813831191e-05,2.5190503676852458e-05,0.001971746840054175,2.8484778897772846e-18,0.006973178278578313,2.68217214216869e-05,8.314413660250435e-07,2.0044336674816447e-05
13.46938775510204,0.04325816465232379,0.15445118663822063,3.1689342626165196e-09,0.003672996390644408,2.7722738578709996e-07,2.2519629079376913e-07,0.09360177057455574,0.307103055169705,0.009206030569528949,2.4770345438012096e-08,1.754505505731735e-08,0.0006959438626482844,8.123035302807126e-05,2.4648687449170047e-05,0.0021666443977102485,2.8947280718881446e-18,0.0069707749370637815,2.922506293621831e-05,8.588521650732715e-07,2.095756589911888e-05
14.693877551020408,0.04374225479133129,0.15376523152980004,3.2044799871002624e-09,0.0037309361770253937,2.7390765522219004e-07,2.2164198042207856e-07,0.09308292029026301,0.3076795045841311,0.009144339463311167,2.4366308530067776e-08,1.7252282519074775e-08,0.0007501053727322834,8.729972913013598e-05,2.413249703929741e-05,0.0023606089345622333,2.940391042465394e-18,0.006968410983295245,3.15890167047549e-05,8.854451725738753e-07,2.1859797540429218e-05
15.918367346938776,0.044215313430312896,0.15309144636067284,3.2392180399720072e-09,0.0037881546448964125,2.7070968604607006e-07,2.182203537090935e-07,0.092572108322829,0.3082467292430298,0.009084009479843167,2.397919391135969e-08,1.6971786269102456e-08,0.0008031242303048929,9.316037167364109e-05,2.364057795747342e-05,0.002553651283195532,2.9854855341449054e-18,0.006966085117821812,3.391488217818868e-05,9.115324317782943e-07,2.2758523382023103e-05
17.142857142857142,0.04467792369635959,0.15242922337211431,3.2731912598216567e-09,0.0038446690052513755,2.6765172873828256e-07,2.149551175402265e-07,0.092068970090889,0.30880515900653316,0.009024968778387953,2.3611739199041234e-08,1.6705572695752e-08,0.0008550646177652053,9.881970497578596e-05,2.317229513206202e-05,0.002745783071825883,3.030025111096708e-18,0.006963795482871759,3.620451712824088e-05,9.373256281874307e-07,2.3656427206460334e-05
18.367346938775512,0.04513078784712393,0.15177782815674606,3.3064511812194116e-09,0.003900542281485889,2.6470322545301676e-07,2.1181091003016804e-07,0.09157304630049705,0.3093553393896373,0.00896712584829862,2.3259306473199014e-08,1.645026341589963e-08,0.0009060084630875548,0.00010428703501045726,2.2723920258102573e-05,0.0029370207488271715,3.0740594427384044e-18,0.0069615397042854035,3.8460295714596264e-05,9.629027528051204e-07,2.4556667427220747e-05
19.591836734693878,0.04557418900782602,0.15113696283030156,3.3390185334442318e-09,0.003955791234947618,2.618585994567079e-07,2.0878160246695016e-07,0.09108414879423565,0.30989749046760023,0.008910444797491068,2.2921084534582393e-08,1.62052690743646e-08,0.0009559862620451204,0.00010956759966582069,2.2294350108409685e-05,0.0031273735096174152,3.1176017388689494e-18,0.006959316838671667,4.068316132833329e-05,9.882824079838474e-07,2.5459397676566243e-05
20.816326530612244,0.04600841030368595,0.1505063295085143,3.3709140457750765e-09,0.004010432626984226,2.59112274015791e-07,2.0586106613860492e-07,0.09060208941468734,0.31043183231568,0.008854889733881197,2.259626218394073e-08,1.597000031596617e-08,0.001005028510411082,0.00011466663683004198,2.1882481455797957e-05,0.003316850549614633,3.1606652092872994e-18,0.00695712594263947,4.287405736053044e-05,1.0134831960760957e-06,2.636477158675872e-05
22.040816326530614,0.046433734859923824,0.14988563030711777,3.402158447490906e-09,0.004064483218943378,2.5645867239670117e-07,2.0304317233316436e-07,0.09012668000443466,0.31095858500913465,0.008800424765384906,2.2284028222023378e-08,1.5743867785523594e-08,0.0010531657039586186,0.00011958938439128685,2.1487211073081996e-05,0.003505461064236844,3.20326306379241e-18,0.006954966072797734,4.5033927202266165e-05,1.03852371943435e-06,2.7272942790060084e-05
23.26530612244898,0.04685044580175972,0.14927456734184538,3.43277246787068e-09,0.004117959772172738,2.538922178658736e-07,2.0032179233866058e-07,0.08965773240606012,0.31147796862322213,0.008747013999918092,2.198357144957971e-08,1.552628212785613e-08,0.0011004283384609096,0.000124341080237721,2.1107435733076414e-05,0.003693214248902066,3.2454085121832366e-18,0.006952836285755382,4.716371424461894e-05,1.0634225804110941e-06,2.8184064918732235e-05
24.48979591836735,0.047258826254413744,0.14867284272843068,3.4627768361933573e-09,0.0041708790480199705,2.5140733368974334e-07,1.976907974431256e-07,0.08919505846214626,0.3119902032332005,0.008694621545396658,2.1694080667359072e-08,1.5316653987783025e-08,0.001146846909691135,0.00012892696225751013,2.0742052208595813e-05,0.0038801192990283177,3.2871147642587353e-18,0.006950735638121333,4.926436187866724e-05,1.0881983813588124e-06,2.9098291605037075e-05
25.714285714285715,0.04765915934310599,0.14808015858260712,3.492192281737898e-09,0.00422325780783274,2.4899844313474556e-07,1.9514405893459147e-07,0.0887384700152756,0.3124955089143277,0.0086432115097365,2.1414744676110832e-08,1.5114394010123545e-08,0.001192451913422473,0.00013335226833882,2.03899572724548e-05,0.004066185410033618,3.3283950298178615e-18,0.0069486631865045105,5.13368134954895e-05,1.112869724629989e-06,3.00157764812365e-05
26.93877551020408,0.048051728193056545,0.14749621702010818,3.5210395337832617e-09,0.004275112812958711,2.4665996946731534e-07,1.9267544810109032e-07,0.08828777890803069,0.31299410574186187,0.008592748000853516,2.114475227658435e-08,1.491891283969694e-08,0.001237273845428104,0.00013762223636981628,2.0050047697467984e-05,0.004251421777335984,3.3692625186595707e-18,0.006946617987513836,5.3382012486164214e-05,1.137455212577108e-06,3.0936673179592416e-05
28.16326530612245,0.04843681592948551,0.14692072015666732,3.549339321608408e-09,0.004326460824745547,2.4438633595388777e-07,1.902788362306541e-07,0.08784279698299403,0.31348621379106095,0.00854319512666361,2.088329226952898e-08,1.4729621121322463e-08,0.0012813432014812068,0.00014174210423866472,1.972122025644997e-05,0.004435837596353437,3.409730440582819e-18,0.00694459909775823,5.5400902241769846e-05,1.1619734475526538e-06,3.186113533236673e-05
29.387755102040817,0.04881470567761297,0.14635337010801805,3.577112374492296e-09,0.004377318604540913,2.4217196586089796e-07,1.87948094611315e-07,0.08740333608274818,0.31397205313718296,0.008494516995082677,2.0629553455694084e-08,1.4545929499819373e-08,0.001324690477354961,0.00014571710983353104,1.940237172221536e-05,0.004619442062503993,3.4498120053865613e-18,0.006942605573846615,5.7394426153384844e-05,1.1864430319091102e-06,3.278931657182133e-05
30.612244897959183,0.04918525029282399,0.1457943329547587,3.6043474583023583e-09,0.004427609323532064,2.4006951918308607e-07,1.8574190398744405e-07,0.08696953169358802,0.31445145633481847,0.008446743078778856,2.039141598976439e-08,1.4373571264218805e-08,0.0013672939102573744,0.0001495396939600773,1.9103377572362908e-05,0.004802222077355495,3.48944666345014e-18,0.0069406382165330014,5.936178346699916e-05,1.2106819946696655e-06,3.37221668874808e-05
31.836734693877553,0.04954937034631773,0.14524263957989403,3.6311123781472777e-09,0.00447746671005205,2.3802541327941172e-07,1.8360044158533157e-07,0.08654073470987181,0.31492519027485827,0.008399746220802414,2.0160886517066142e-08,1.4206733125974118e-08,0.0014092604231281877,0.00015322958243243307,1.8814411593109828e-05,0.004984208385477056,3.528739807519143e-18,0.006938693688534535,6.130631146546549e-05,1.2348421568170965e-06,3.465864921050709e-05
33.06122448979592,0.04990727661034274,0.14469806549887507,3.6574226155499177e-09,0.0045269129791675865,2.3603002550363892e-07,1.8151300676758956e-07,0.08611679549089744,0.315393429534548,0.008353498370963858,1.9936546753719856e-08,1.4044383723326538e-08,0.001450612870318336,0.00015679182706877272,1.853368313101806e-05,0.005165410184334924,3.567708945527887e-18,0.006936771243041183,6.322875695881765e-05,1.2589485148125915e-06,3.559848278723474e-05
34.285714285714285,0.05025909417486987,0.14416047730026524,3.6832873117568653e-09,0.004575954131485564,2.3408207610605972e-07,1.7947819911519327e-07,0.08569762687041858,0.31585627426743823,0.008307983972507229,1.9718224608409837e-08,1.3886398180963589e-08,0.0014913638182391476,0.00016022932661681342,1.8260954909134568e-05,0.0053458331905913235,3.606358806619345e-18,0.006934870463191548,6.512953680845319e-05,1.2829992318814298e-06,3.6541521566041165e-05
35.51020408163265,0.050604948129869945,0.14362974157262803,3.7087156080147075e-09,0.004624596167612872,2.3218028533696618e-07,1.7749461820911801e-07,0.08528314168218887,0.3163138246270793,0.008263187468676575,1.9505747989820373e-08,1.3732651623572797e-08,0.0015315258333019497,0.00016354497982427242,1.7995989650506323e-05,0.005525483120908483,3.644694119936489e-18,0.006932990932124231,6.700906787576971e-05,1.306992471248891e-06,3.748761949530379e-05
36.734693877551024,0.05094496356531378,0.14310572490452697,3.733716645570031e-09,0.004672845088156404,2.303233734466503e-07,1.7556086363033902e-07,0.08487325275996196,0.31676618076702173,0.008219093302715943,1.9298944806635764e-08,1.3583019175841688e-08,0.001571111481918071,0.000166741685438867,1.7738550078180284e-05,0.005704365691948628,3.682719614622295e-18,0.006931132232977835,6.88677670221648e-05,1.3309263961402545e-06,3.843663052340004e-05
37.95918367346939,0.051279265571172204,0.14258829388452546,3.758299565669425e-09,0.004720706893723049,2.285100606854041e-07,1.7367553495983164e-07,0.08446787293749151,0.31721344284081593,0.008175685917869376,1.909764296754031e-08,1.3437375962457793e-08,0.0016101333304988385,0.00016982234220831426,1.748839891520342e-05,0.005882486620373984,3.720440019819735e-18,0.0069292939488909645,7.0706051109036e-05,1.3547991697808e-06,3.938840859870732e-05
39.183673469387756,0.05160797923741605,0.142077315101187,3.782473509559472e-09,0.0047681875849197005,2.2673906730351973e-07,1.718372317785711e-07,0.08406691504853117,0.3176557110020124,0.008132949757380922,1.890167038121831e-08,1.3295597108108633e-08,0.0016486039454555804,0.0001727898488803315,1.7245298884622694e-05,0.0060598516228467765,3.757860064671782e-18,0.00692747566300222,7.252433699778093e-05,1.3786089553958066e-06,4.034280766960306e-05
40.40816326530612,0.05193122965401615,0.14157265514307513,3.8062476184867636e-09,0.004815293162353248,2.2500911355128913e-07,1.7004455366753272e-07,0.08367029192683458,0.3180930854041616,0.008090869264494628,1.8710854956354055e-08,1.3157557737481738e-08,0.0016865358931996248,0.0001756471042026359,1.700901270948507e-05,0.006236466416029232,3.794984478321411e-18,0.006925676958450203,7.432304154979714e-05,1.402353916210554e-06,4.1299681684464667e-05
41.63265306122449,0.05224914191094332,0.14107418059875326,3.829631033697885e-09,0.004862029626630584,2.2331891967900436e-07,1.6829610020769177e-07,0.0832779164061554,0.3185256662008139,0.008049428882454536,1.852502460163185e-08,1.3023132975264634e-08,0.0017239417401422993,0.0001783970069229447,1.6779303112837513e-05,0.006412336716583577,3.831817989911595e-18,0.006923897418373518,7.610258162648223e-05,1.4260322154503215e-06,4.2258884591669575e-05
42.85714285714286,0.05256184109816841,0.14058175805678488,3.852632896439423e-09,0.004908402978358597,2.2166720593695748e-07,1.6659047098002352e-07,0.08288970132024727,0.31895355354551985,0.008008613054504694,1.8344007225735985e-08,1.2892197946144845e-08,0.001760834052694932,0.00018104245578897516,1.655593281772699e-05,0.006587468241172038,3.868365328585308e-18,0.0069221366259107665,7.786337408923379e-05,1.4496420163403889e-06,4.32202703395952e-05
44.08163265306123,0.05286945230566222,0.14009525410573348,3.875262347957964e-09,0.004954419218144181,2.2005269257544053e-07,1.6492626556550327e-07,0.08250555950286387,0.3193768475918298,0.007968406223889146,1.8167630737350766e-08,1.2764627774809903e-08,0.0017972253972688504,0.0001835863495484444,1.6338664547200463e-05,0.006761866706456839,3.904631223485523e-18,0.0069203941642005514,7.960583579944935e-05,1.4731814821060353e-06,4.418369287661896e-05
45.30612244897959,0.0531721006233956,0.13961453533416254,3.897528529500097e-09,0.005000084346594227,2.1847409984474552e-07,1.633020835451063e-07,0.08212540378775882,0.31979564849329434,0.00792879283385194,1.7995723045160484e-08,1.264029758594733e-08,0.0018331283402753826,0.0001860315869490697,1.6127261024304903e-05,0.006935537829100208,3.940620403755214e-18,0.006918669616381474,8.133038361852653e-05,1.4966487759725404e-06,4.514900615111827e-05
46.53061224489796,0.053469911141339366,0.13913946833063554,3.919440582312407e-09,0.005045404364315624,2.1693014799516453e-07,1.6171652449980792e-07,0.08174914700868578,0.3202100564034639,0.00788975732763712,1.7828112057849437e-08,1.2519082504244655e-08,0.0018685554481258563,0.00018838106673856828,1.5921484972087265e-05,0.0071084873257643705,3.976337598537354e-18,0.006916962565592138,8.30374344078629e-05,1.5200420611651836e-06,4.611606411147056e-05
47.755102040816325,0.053763008949464355,0.13866991968371592,3.941007647641482e-09,0.005090385271915266,2.1541955727698958e-07,1.6016818801058333e-07,0.08137670199939841,0.3206201714758888,0.007851284148488734,1.7664625684101927e-08,1.2400857654389404e-08,0.0019035192872315994,0.00019063768766465732,1.5721099113594523e-05,0.007280720913111552,4.011787536974918e-18,0.0069152725949711445,8.472740502885603e-05,1.543359500909244e-06,4.7084720706053225e-05
48.9795918367347,0.05405151913774139,0.13820575598196722,3.9622388667339095e-09,0.005135033070000042,2.139410479405127e-07,1.5865567365840791e-07,0.08100798159365034,0.3210260938641196,0.007813357739650823,1.7505091832602248e-08,1.2285498161069102e-08,0.0019380324240039402,0.00019280434847505413,1.5525866171873634e-05,0.00745224430780398,4.046974948210878e-18,0.006913599287657097,8.640071234290351e-05,1.5665992584300018e-06,4.805482988324372e-05
50.204081632653065,0.054335566796141294,0.13774684381395289,3.983143380836275e-09,0.005179353759176844,2.1249334023602595e-07,1.5717758102425687e-07,0.08064289862519526,0.32142792372170675,0.007775962544367437,1.73493384120347e-08,1.217287914897128e-08,0.001972107424854206,0.00019488394791747582,1.533554886997157e-05,0.0076230632265038775,4.081904561388209e-18,0.006911942226788597,8.805777321140292e-05,1.589759496952736e-06,4.902624559141944e-05
51.42857142857143,0.05461527701463491,0.1372930497682364,4.003730331195167e-09,0.005223353340052563,2.1107515441382137e-07,1.5573250968910553e-07,0.08028136592778679,0.32182576120220074,0.00773908300588262,1.7197193331083577e-08,1.2062875742783459e-08,0.0020057568561937245,0.00019687938473963965,1.5149909930935291e-05,0.007793183385873474,4.116581105649883e-18,0.006910300995504249,8.969900449575183e-05,1.612838379702726e-06,4.999882177895781e-05
52.6530612244898,0.05489077488319304,0.1368442404333812,4.024008859057172e-09,0.005267037813234091,2.0968521072419097e-07,1.5431905923392916e-07,0.07992329633517858,0.32221970645915193,0.007702703567440418,1.704848449843318e-08,1.195536306719317e-08,0.0020389932844338244,0.00019879355768926286,1.4968712077811764e-05,0.007962610502574994,4.151009310138875e-18,0.006908675176942653,9.132482305734782e-05,1.6358340699052515e-06,5.097241239423626e-05
53.87755102040816,0.055162185491786545,0.13640028239795085,4.043988105668876e-09,0.005310413179328318,2.0832222941742685e-07,1.5293582923970307e-07,0.0795686026811243,0.32260985964611083,0.007666808672284878,1.6903039822767804e-08,1.1850216246887939e-08,0.002071829275985833,0.00020062936551406267,1.4791718033647955e-05,0.008131350293270662,4.185193903998158e-18,0.006907064354242412,9.293564575758848e-05,1.6587447307855919e-06,5.194687138563218e-05
55.10204081632653,0.05542963393038623,0.13596104225050876,4.063677212276868e-09,0.005353485438942135,2.0698493074382098e-07,1.515814192874025e-07,0.07921719779937758,0.3229963209166279,0.007631382763660043,1.676068721277175e-08,1.174731040655529e-08,0.002104277397261078,0.00020238970696175626,1.4618690521490825e-05,0.008299408474622707,4.2191396163707055e-18,0.006905468110542129,9.453188945787136e-05,1.6815685255690266e-06,5.292205270152303e-05
56.3265306122449,0.05569326806025653,0.1355263655377526,4.08308697216528e-09,0.0053962529652587824,2.056810769158094e-07,1.5026473387590127e-07,0.07886898526821248,0.3233792000407896,0.007596408752179721,1.6622712911453115e-08,1.1647581493295812e-08,0.0021363518723614174,0.00020407735649935206,1.4450683755092685e-05,0.008466789433099173,4.25284516514449e-18,0.006903885996674337,9.61140033256636e-05,1.7043202236682028e-06,5.389766445540757e-05
57.55102040816327,0.0559531385101901,0.13509619762642586,4.102221240032295e-09,0.005438757340565794,2.044084933074814e-07,1.4898188805613774e-07,0.07852390457678543,0.32375856595446934,0.007561876455413498,1.6488539398283036e-08,1.1550608749333005e-08,0.0021680616612420136,0.00020569349138217883,1.428832450763385e-05,0.008633496235412427,4.286343321769641e-18,0.006902317743725096,9.768225627490457e-05,1.7270067840981368e-06,5.4873583274487446e-05
58.775510204081634,0.05620921916176349,0.13467055378566323,4.121078168425341e-09,0.005481025902305175,2.0314096615312973e-07,1.477037089247157e-07,0.078181948861728,0.3241344289245852,0.007527785021186558,1.635411078696972e-08,1.1453442919810879e-08,0.0021994058405907656,0.0002072398351817064,1.4127399715450189e-05,0.00879953699096199,4.319655631179476e-18,0.006900763292969064,9.923670703093687e-05,1.7495911284652063e-06,5.5850336024709355e-05
60.0,0.05646163497229913,0.13424930447509112,4.1396667681437764e-09,0.005523016550477302,2.019004936575088e-07,1.4645740393587215e-07,0.07784305928356497,0.3245068539382188,0.0074941246749797305,1.6223410552667267e-08,1.1358983810834495e-08,0.002230392133222436,0.00020871836762219916,1.3969618764198893e-05,0.008964914586808577,4.3527489139090956e-18,0.006899222385330605,0.00010077761466939591,1.772119673054821e-06,5.682775763191402e-05
